0
0
0
0
0
0
0
0
0
0
0
0
0
0
0
0
0
0
0
0
0
0
0
0
0
0
0
0
0
0
0
0
0
0
0
0
0
0
0
0
0
0
0
0
0
0
0
0
0
0
0
0
195.0
27783.0
53527.0
67568.0
78338.0
94528.0
119310.0
135586.5
143701.0
148449.0
154915.5
159085.5
158325.5
158226.5
156515.5
154140.5
152668.0
150089.5
147735.5
144892.5
142133.0
140052.0
137002.0
133834.5
131540.0
129394.5
127466.5
125241.5
122722.5
120368.0
118004.5
115565.5
112838.5
110070.0
107152.0
104247.0
101724.0
98644.5
95891.0
93002.0
90115.0
87112.0
84363.5
81860.5
79032.0
76778.5
74430.5
72321.5
70294.0
68228.5
66308.5
64501.5
62735.5
60971.5
59303.0
57787.5
56401.0
54910.0
53561.5
52112.5
49659.0
47175.5
45948.5
44915.0
43871.5
42991.0
42024.0
41036.5
40180.0
39312.5
38490.0
37589.0
36811.5
35942.5
35180.0
34499.5
33893.5
33109.0
32540.5
31695.5
31347.5
30528.0
28973.0
28260.5
27869.5
27321.5
26893.5
26312.5
25903.0
25428.0
24963.0
24590.0
24179.5
23780.0
23338.5
22969.0
22498.5
22127.5
21801.0
21427.0
21154.0
20800.5
20491.5
20169.0
19817.5
19145.0
18923.0
18604.5
18325.0
18063.5
17802.0
17581.0
17317.0
17097.5
16797.5
16553.0
16350.5
16085.5
15941.0
15708.5
15510.0
15258.0
15096.5
14821.0
14601.5
14462.5
14082.0
13882.0
13753.0
13574.0
13416.5
13226.0
13042.5
12861.0
12763.0
12629.5
12445.5
12306.0
12221.0
12064.5
11910.5
11785.5
11676.0
11506.5
11406.0
11244.0
11106.0
10900.0
10717.5
10618.0
10388.0
10320.5
10190.0
10082.5
10019.5
9926.0
9803.0
9666.0
9559.5
9469.5
9366.5
9274.0
9137.0
9045.0
8942.5
8838.5
8756.5
8668.5
8592.5
8554.0
8453.5
8307.0
8230.5
8200.0
8136.0
7880.5
7803.5
7703.0
7662.0
7563.5
7530.5
7462.0
7388.0
7335.5
7246.5
7176.0
7107.0
6988.0
6936.0
6903.0
6847.0
6758.5
6735.5
6678.0
6605.0
6546.0
6482.5
6401.5
6360.5
6301.0
6263.5
6233.5
6167.0
6111.5
6060.0
6006.0
5942.5
5946.0
5788.5
5755.5
5689.0
5658.5
5604.0
5573.0
5524.5
5451.0
5437.5
5389.0
5342.0
5309.5
5254.0
5243.0
5200.5
5138.0
5122.0
5065.5
5048.5
4986.0
4967.5
4896.5
4896.5
4844.0
4820.0
4769.0
4716.5
4680.5
4615.0
4615.0
4636.0
4567.5
4518.5
4508.0
4476.0
4402.0
4365.5
4246.5
4269.0
4253.5
4188.5
4153.0
4142.0
4095.5
4083.5
4051.0
4010.5
3985.0
3966.0
3958.0
3918.5
3902.0
3856.0
3836.0
3771.5
3760.0
3738.0
3709.5
3668.0
3634.0
3601.0
3584.5
3560.0
3530.0
3501.0
3515.5
3503.0
3490.0
3458.0
3452.5
3432.0
3389.5
3391.5
3351.5
3346.5
3327.5
3291.5
3287.0
3258.0
3210.0
3160.5
3163.5
3114.0
3122.0
3088.0
3074.0
3042.5
3051.0
3032.0
3012.5
3004.0
2981.0
2948.0
2926.0
2916.0
2892.0
2871.0
2869.5
2855.0
2870.5
2824.5
2837.0
2782.0
2770.5
2751.5
2748.0
2697.0
2708.5
2663.0
2648.0
2646.0
2620.0
2613.5
2598.0
2580.0
2570.0
2546.0
2560.0
2527.5
2533.0
2507.0
2501.5
2467.5
2500.5
2469.0
2458.5
2461.0
2444.5
2426.5
2391.0
2381.0
2374.0
2361.5
2325.5
2295.5
2269.5
2300.5
2260.0
2270.0
2237.5
2234.5
2258.5
2209.0
2174.0
2174.5
2159.0
2173.0
2139.0
2129.5
2128.0
2084.0
2084.0
2085.0
2086.5
2057.0
2076.0
2101.5
2034.0
2060.5
2070.5
2039.5
2031.0
2006.0
1987.5
1988.0
1967.5
1995.0
1997.5
1960.5
1994.0
1957.0
1938.5
1974.0
1932.5
1919.5
1886.5
1934.0
1891.5
1874.0
1851.0
1867.5
1876.0
1883.5
1893.0
1882.5
1863.0
1811.5
1818.0
1818.5
1829.0
1827.0
1809.5
1815.0
1761.5
1758.5
1749.5
1749.5
1732.5
1721.0
1720.5
1714.0
1731.5
1713.5
1689.0
1686.0
1630.0
1617.5
1610.0
1601.5
1615.5
1652.0
1613.0
1613.0
1592.0
1590.0
1590.5
1592.5
1592.0
1623.0
1592.5
1605.0
1583.0
1584.5
1573.0
1570.0
1482.5
1462.5
1504.0
1503.5
1491.0
1457.5
1466.5
1487.5
1480.0
1462.5
1448.5
1409.0
1420.0
1423.5
1403.0
1396.5
1453.0
1452.5
1443.5
1465.5
1451.5
1435.5
1449.5
1412.0
1411.5
1395.5
1375.5
1431.0
1405.5
1374.0
1394.0
1343.5
1280.0
1289.0
1289.5
1324.5
1338.5
1316.5
1282.0
1284.5
1283.0
1300.5
1345.0
1324.5
1246.5
1255.5
1314.5
1296.5
1290.5
1270.5
1293.5
1268.0
1253.0
1294.0
1251.0
1280.5
1245.0
1310.0
1254.5
1262.5
1266.0
1243.0
1233.0
1231.0
1213.0
1159.5
1127.0
1149.0
1161.0
1129.5
1217.0
1132.0
1132.0
1112.0
1148.0
1130.0
1133.0
1146.0
1139.5
1144.0
1133.5
1130.0
1154.0
1127.0
1106.0
1121.5
1096.5
1096.5
1083.0
1062.0
1099.5
1054.0
1062.5
1042.5
1052.0
1033.5
1020.5
1033.0
982.5
1017.5
1020.0
1032.5
1022.0
1037.5
1024.0
1037.0
1005.0
994.0
995.0
997.0
1005.0
990.5
980.0
1006.0
960.0
1002.5
990.5
979.0
962.0
927.5
923.5
915.0
921.0
915.5
927.5
891.5
903.5
850.0
850.0
848.0
860.5
858.5
842.0
907.0
867.5
843.5
902.0
901.0
925.5
914.5
937.5
881.0
881.0
882.5
874.0
842.5
854.5
829.0
866.5
857.5
863.5
828.5
814.5
828.0
810.5
783.0
815.0
808.5
799.0
802.5
796.0
817.5
783.5
801.0
780.0
775.5
807.0
776.0
762.0
777.5
807.5
735.5
788.5
741.5
775.5
795.5
736.0
750.0
751.0
783.5
741.0
737.0
743.5
773.0
726.0
723.5
719.0
719.0
733.0
737.0
699.5
702.5
689.5
700.5
711.5
696.5
686.5
706.0
715.0
633.0
645.0
715.5
658.5
657.5
696.0
668.0
651.5
665.5
657.0
657.0
646.5
648.5
666.0
649.5
662.5
634.0
635.0
633.5
637.5
630.5
560.5
652.5
623.5
618.0
613.5
635.5
589.5
606.5
614.0
601.5
600.0
602.5
586.5
587.0
612.5
609.5
557.0
539.0
604.5
598.5
585.5
571.0
618.0
586.0
604.5
588.5
603.5
646.0
617.0
618.0
586.0
592.5
565.0
597.0
609.0
579.5
594.5
593.5
582.5
548.5
558.5
558.5
592.0
592.0
572.0
576.5
571.0
570.0
579.5
570.5
575.0
548.5
568.0
543.0
553.0
564.5
526.5
551.0
541.0
522.5
536.0
546.0
550.0
541.5
537.5
508.0
527.0
537.0
560.0
545.0
538.0
540.0
553.0
550.5
532.0
541.5
533.5
523.0
483.5
519.5
511.0
459.5
459.0
461.0
457.0
470.5
473.5
457.0
479.5
436.5
492.0
478.0
455.0
470.0
434.0
490.0
458.0
428.0
430.5
487.5
478.5
461.5
484.5
468.5
479.0
479.0
467.5
428.5
432.0
484.5
456.0
459.5
400.5
427.5
420.5
427.5
459.5
459.5
455.0
474.5
472.0
457.5
456.5
425.0
447.5
413.0
405.5
403.5
404.0
406.5
442.0
393.0
436.0
398.5
393.0
413.0
411.0
411.0
395.5
410.0
433.5
424.0
410.5
398.5
385.5
398.5
394.5
364.0
376.5
376.5
364.0
364.0
364.0
364.0
377.5
377.5
378.0
378.0
378.0
378.0
378.0
378.0
378.0
378.0
378.0
378.0
378.0
378.0
378.0
378.0
